# tempo
0
2.0202
4.0404
6.06061
8.08081
10.101
12.1212
14.1414
16.1616
18.1818
20.202
22.2222
24.2424
26.2626
28.2828
30.303
32.3232
34.3434
36.3636
38.3838
40.404
42.4242
44.4444
46.4646
48.4848
50.5051
52.5253
54.5455
56.5657
58.5859
60.6061
62.6263
64.6465
66.6667
68.6869
70.7071
72.7273
74.7475
76.7677
78.7879
80.8081
82.8283
84.8485
86.8687
88.8889
90.9091
92.9293
94.9495
96.9697
98.9899
101.01
103.03
105.051
107.071
109.091
111.111
113.131
115.152
117.172
119.192
121.212
123.232
125.253
127.273
129.293
131.313
133.333
135.354
137.374
139.394
141.414
143.434
145.455
147.475
149.495
151.515
153.535
155.556
157.576
159.596
161.616
163.636
165.657
167.677
169.697
171.717
173.737
175.758
177.778
179.798
181.818
183.838
185.859
187.879
189.899
191.919
193.939
195.96
197.98
200
