     malha  -  c_susp  -  sigma_a  -  sigma_s - diff_sigma_a - concentracao
        0           0       0.025       0.015             -0              0
0.0010101           0       0.025   0.0268917             -0              0
0.0020202           0       0.025   0.0272996             -0              0
0.0030303           0       0.025    0.027515             -0              0
0.0040404           0       0.025   0.0276586             -0              0
0.00505051           0       0.025   0.0277654             -0              0
0.00606061           0       0.025   0.0278498             -0              0
0.00707071           0       0.025   0.0279193             -0              0
0.00808081           0       0.025   0.0279782             -0              0
0.00909091           0       0.025   0.0280293             -0              0
 0.010101           0       0.025   0.0280743             -0              0
0.0111111           0       0.025   0.0281145             -0              0
0.0121212           0       0.025   0.0281508  -5.88136e-320              0
0.0131313           0       0.025   0.0281839  -5.90383e-314              0
0.0141414           0       0.025   0.0282143  -5.92624e-308              0
0.0151515           0       0.025   0.0282424  -5.94874e-302              0
0.0161616           0       0.025   0.0282684  -5.97133e-296              0
0.0171717           0       0.025   0.0282928    -5.994e-290              0
0.0181818           0       0.025   0.0283157  -6.01676e-284              0
0.0191919           0       0.025   0.0283372   -6.0396e-278              0
 0.020202           0       0.025   0.0283575  -6.06253e-272              0
0.0212121           0       0.025   0.0283768  -6.08555e-266              0
0.0222222           0       0.025   0.0283952  -6.10866e-260              0
0.0232323           0       0.025   0.0284126  -6.13185e-254              0
0.0242424           0       0.025   0.0284293  -6.15513e-248              0
0.0252525           0       0.025   0.0284453   -6.1785e-242              0
0.0262626           0       0.025   0.0284606  -6.20196e-236              0
0.0272727           0       0.025   0.0284754   -6.2255e-230              0
0.0282828           0       0.025   0.0284895  -6.24914e-224              0
0.0292929           0       0.025   0.0285032  -6.27287e-218              0
 0.030303           0       0.025   0.0285164  -6.29668e-212              0
0.0313131           0       0.025   0.0285291  -6.32059e-206              0
0.0323232           0       0.025   0.0285415  -6.34459e-200              0
0.0333333           0       0.025   0.0285534  -6.36868e-194              0
0.0343434           0       0.025    0.028565  -6.39286e-188              0
0.0353535           0       0.025   0.0285763  -6.41713e-182              0
0.0363636           0       0.025   0.0285872  -6.44149e-176              0
0.0373737           0       0.025   0.0285979  -6.46595e-170              0
0.0383838           0       0.025   0.0286082   -6.4905e-164              0
0.0393939           0       0.025   0.0286183  -6.51514e-158              0
 0.040404           0       0.025   0.0286282  -6.53988e-152              0
0.0414141           0       0.025   0.0286378  -6.56471e-146              0
0.0424242           0       0.025   0.0286472  -6.58963e-140              0
0.0434343           0       0.025   0.0286563  -6.61465e-134              0
0.0444444           0       0.025   0.0286653  -6.63976e-128              0
0.0454545           0       0.025   0.0286741  -6.66497e-122              0
0.0464646           0       0.025   0.0286826  -6.69028e-116              0
0.0474747           0       0.025    0.028691  -6.71568e-110              0
0.0484848           0       0.025   0.0286993  -6.74118e-104              0
0.0494949           0       0.025   0.0287074  -6.76677e-098              0
0.0505051           0       0.025   0.0287153  -6.79246e-092              0
0.0515152           0       0.025    0.028723  -6.81825e-086              0
0.0525253           0       0.025   0.0287307  -6.84414e-080              0
0.0535354           0       0.025   0.0287382  -6.87012e-074              0
0.0545455           0       0.025   0.0287455  -6.89621e-068              0
0.0555556           0       0.025   0.0287528  -6.92239e-062              0
0.0565657           0       0.025   0.0287599  -6.94867e-056              0
0.0575758           0       0.025   0.0287669  -6.97505e-050              0
0.0585859           0       0.025   0.0287737  -7.00154e-044              0
 0.059596           0       0.025   0.0287805  -7.02812e-038              0
0.0606061           0       0.025   0.0287872   -7.0548e-032              0
0.0616162           0       0.025   0.0287937  -7.08159e-026              0
0.0626263           0       0.025   0.0287997  -7.10847e-020              0
0.0636364           0       0.025   0.0287976  -7.13546e-014              0
0.0646465           0       0.025   0.0286689  -7.16255e-008              0
0.0656566           0   0.0321897   0.0170516     -0.0718975              0
0.0666667           0        0.04           0              0              0
0.0676768           0        0.04           0              0              0
0.0686869           0        0.04           0              0              0
 0.069697           0        0.04           0              0              0
0.0707071           0        0.04           0              0              0
0.0717172           0        0.04           0              0              0
0.0727273           0        0.04           0              0              0
0.0737374           0        0.04           0              0              0
0.0747475           0        0.04           0              0              0
0.0757576           0        0.04           0              0              0
0.0767677           0        0.04           0              0              0
0.0777778           0        0.04           0              0              0
0.0787879           0        0.04           0              0              0
 0.079798           0        0.04           0              0              0
0.0808081           0        0.04           0              0              0
0.0818182           0        0.04           0              0              0
0.0828283           0        0.04           0              0              0
0.0838384           0        0.04           0              0              0
0.0848485           0        0.04           0              0              0
0.0858586           0        0.04           0              0              0
0.0868687           0        0.04           0              0              0
0.0878788           0        0.04           0              0              0
0.0888889           0        0.04           0              0              0
 0.089899           0        0.04           0              0              0
0.0909091           0        0.04           0              0              0
0.0919192           0        0.04           0              0              0
0.0929293           0        0.04           0              0              0
0.0939394           0        0.04           0              0              0
0.0949495           0        0.04           0              0              0
0.0959596           0        0.04           0              0              0
0.0969697           0        0.04           0              0              0
0.0979798           0        0.04           0              0              0
0.0989899           0        0.04           0              0              0
      0.1           0        0.04           0              0              0
