     malha  -  c_susp  -  sigma_a  -  sigma_s - diff_sigma_a - concentracao
        0           0       0.025       0.015  -4.73157e-234              0
0.0010101           0       0.025   0.0268917  -4.74953e-228              0
0.0020202           0       0.025   0.0272996  -4.76756e-222              0
0.0030303           0       0.025    0.027515  -4.78566e-216              0
0.0040404           0       0.025   0.0276586  -4.80383e-210              0
0.00505051           0       0.025   0.0277654  -4.82207e-204              0
0.00606061           0       0.025   0.0278498  -4.84038e-198              0
0.00707071           0       0.025   0.0279193  -4.85876e-192              0
0.00808081           0       0.025   0.0279782  -4.87721e-186              0
0.00909091           0       0.025   0.0280293  -4.89572e-180              0
 0.010101           0       0.025   0.0280743  -4.91431e-174              0
0.0111111           0       0.025   0.0281145  -4.93297e-168              0
0.0121212           0       0.025   0.0281508   -4.9517e-162              0
0.0131313           0       0.025   0.0281839   -4.9705e-156              0
0.0141414           0       0.025   0.0282143  -4.98937e-150              0
0.0151515           0       0.025   0.0282424  -5.00831e-144              0
0.0161616           0       0.025   0.0282684  -5.02733e-138              0
0.0171717           0       0.025   0.0282928  -5.04642e-132              0
0.0181818           0       0.025   0.0283157  -5.06558e-126              0
0.0191919           0       0.025   0.0283372  -5.08481e-120              0
 0.020202           0       0.025   0.0283575  -5.10411e-114              0
0.0212121           0       0.025   0.0283768  -5.12349e-108              0
0.0222222           0       0.025   0.0283952  -5.14294e-102              0
0.0232323           0       0.025   0.0284126  -5.16247e-096              0
0.0242424           0       0.025   0.0284293  -5.18207e-090              0
0.0252525           0       0.025   0.0284453  -5.20175e-084              0
0.0262626           0       0.025   0.0284606   -5.2215e-078              0
0.0272727           0       0.025   0.0284754  -5.24132e-072              0
0.0282828           0       0.025   0.0284895  -5.26122e-066              0
0.0292929           0       0.025   0.0285032   -5.2812e-060              0
 0.030303           0       0.025   0.0285164  -5.30125e-054              0
0.0313131           0       0.025   0.0285291  -5.32137e-048              0
0.0323232           0       0.025   0.0285415  -5.34158e-042              0
0.0333333           0       0.025   0.0285534  -5.36186e-036              0
0.0343434           0       0.025    0.028565  -5.38222e-030              0
0.0353535           0       0.025   0.0285762  -5.40265e-024              0
0.0363636           0       0.025   0.0285864  -5.42316e-018              0
0.0373737           0       0.025   0.0285849  -5.44375e-012              0
0.0383838           0   0.0250005   0.0280574  -5.46442e-006              0
0.0393939           0        0.04           0              0              0
 0.040404           0        0.04           0              0              0
0.0414141           0        0.04           0              0              0
0.0424242           0        0.04           0              0              0
0.0434343           0        0.04           0              0              0
0.0444444           0        0.04           0              0              0
0.0454545           0        0.04           0              0              0
0.0464646           0        0.04           0              0              0
0.0474747           0        0.04           0              0              0
0.0484848           0        0.04           0              0              0
0.0494949           0        0.04           0              0              0
0.0505051           0        0.04           0              0              0
0.0515152           0        0.04           0              0              0
0.0525253           0        0.04           0              0              0
0.0535354           0        0.04           0              0              0
0.0545455           0        0.04           0              0              0
0.0555556           0        0.04           0              0              0
0.0565657           0        0.04           0              0              0
0.0575758           0        0.04           0              0              0
0.0585859           0        0.04           0              0              0
 0.059596           0        0.04           0              0              0
0.0606061           0        0.04           0              0              0
0.0616162           0        0.04           0              0              0
0.0626263           0        0.04           0              0              0
0.0636364           0        0.04           0              0              0
0.0646465           0        0.04           0              0              0
0.0656566           0        0.04           0              0              0
0.0666667           0        0.04           0              0              0
0.0676768           0        0.04           0              0              0
0.0686869           0        0.04           0              0              0
 0.069697           0        0.04           0              0              0
0.0707071           0        0.04           0              0              0
0.0717172           0        0.04           0              0              0
0.0727273           0        0.04           0              0              0
0.0737374           0        0.04           0              0              0
0.0747475           0        0.04           0              0              0
0.0757576           0        0.04           0              0              0
0.0767677           0        0.04           0              0              0
0.0777778           0        0.04           0              0              0
0.0787879           0        0.04           0              0              0
 0.079798           0        0.04           0              0              0
0.0808081           0        0.04           0              0              0
0.0818182           0        0.04           0              0              0
0.0828283           0        0.04           0              0              0
0.0838384           0        0.04           0              0              0
0.0848485           0        0.04           0              0              0
0.0858586           0        0.04           0              0              0
0.0868687           0        0.04           0              0              0
0.0878788           0        0.04           0              0              0
0.0888889           0        0.04           0              0              0
 0.089899           0        0.04           0              0              0
0.0909091           0        0.04           0              0              0
0.0919192           0        0.04           0              0              0
0.0929293           0        0.04           0              0              0
0.0939394           0        0.04           0              0              0
0.0949495           0        0.04           0              0              0
0.0959596           0        0.04           0              0              0
0.0969697           0        0.04           0              0              0
0.0979798           0        0.04           0              0              0
0.0989899           0        0.04           0              0              0
      0.1           0        0.04           0              0              0
