     malha  -  c_susp  -  sigma_a  -  sigma_s - diff_sigma_a - concentracao
        0           0       0.025       0.015  -1.81812e-295              0
0.0010101           0       0.025   0.0268917  -1.82503e-289              0
0.0020202           0       0.025   0.0272996  -1.83196e-283              0
0.0030303           0       0.025    0.027515  -1.83891e-277              0
0.0040404           0       0.025   0.0276586  -1.84589e-271              0
0.00505051           0       0.025   0.0277654   -1.8529e-265              0
0.00606061           0       0.025   0.0278498  -1.85994e-259              0
0.00707071           0       0.025   0.0279193    -1.867e-253              0
0.00808081           0       0.025   0.0279782  -1.87409e-247              0
0.00909091           0       0.025   0.0280293   -1.8812e-241              0
 0.010101           0       0.025   0.0280743  -1.88835e-235              0
0.0111111           0       0.025   0.0281145  -1.89551e-229              0
0.0121212           0       0.025   0.0281508  -1.90271e-223              0
0.0131313           0       0.025   0.0281839  -1.90994e-217              0
0.0141414           0       0.025   0.0282143  -1.91719e-211              0
0.0151515           0       0.025   0.0282424  -1.92447e-205              0
0.0161616           0       0.025   0.0282684  -1.93177e-199              0
0.0171717           0       0.025   0.0282928  -1.93911e-193              0
0.0181818           0       0.025   0.0283157  -1.94647e-187              0
0.0191919           0       0.025   0.0283372  -1.95386e-181              0
 0.020202           0       0.025   0.0283575  -1.96128e-175              0
0.0212121           0       0.025   0.0283768  -1.96872e-169              0
0.0222222           0       0.025   0.0283952   -1.9762e-163              0
0.0232323           0       0.025   0.0284126   -1.9837e-157              0
0.0242424           0       0.025   0.0284293  -1.99123e-151              0
0.0252525           0       0.025   0.0284453  -1.99879e-145              0
0.0262626           0       0.025   0.0284606  -2.00638e-139              0
0.0272727           0       0.025   0.0284754    -2.014e-133              0
0.0282828           0       0.025   0.0284895  -2.02165e-127              0
0.0292929           0       0.025   0.0285032  -2.02932e-121              0
 0.030303           0       0.025   0.0285164  -2.03703e-115              0
0.0313131           0       0.025   0.0285291  -2.04476e-109              0
0.0323232           0       0.025   0.0285415  -2.05252e-103              0
0.0333333           0       0.025   0.0285534  -2.06032e-097              0
0.0343434           0       0.025    0.028565  -2.06814e-091              0
0.0353535           0       0.025   0.0285763  -2.07599e-085              0
0.0363636           0       0.025   0.0285872  -2.08387e-079              0
0.0373737           0       0.025   0.0285979  -2.09179e-073              0
0.0383838           0       0.025   0.0286082  -2.09973e-067              0
0.0393939           0       0.025   0.0286183   -2.1077e-061              0
 0.040404           0       0.025   0.0286282   -2.1157e-055              0
0.0414141           0       0.025   0.0286378  -2.12373e-049              0
0.0424242           0       0.025   0.0286472   -2.1318e-043              0
0.0434343           0       0.025   0.0286563  -2.13989e-037              0
0.0444444           0       0.025   0.0286653  -2.14802e-031              0
0.0454545           0       0.025    0.028674  -2.15617e-025              0
0.0464646           0       0.025   0.0286821  -2.16436e-019              0
0.0474747           0       0.025   0.0286825  -2.17257e-013              0
0.0484848           0       0.025   0.0285612  -2.18082e-007              0
0.0494949           0        0.04           0              0              0
0.0505051           0        0.04           0              0              0
0.0515152           0        0.04           0              0              0
0.0525253           0        0.04           0              0              0
0.0535354           0        0.04           0              0              0
0.0545455           0        0.04           0              0              0
0.0555556           0        0.04           0              0              0
0.0565657           0        0.04           0              0              0
0.0575758           0        0.04           0              0              0
0.0585859           0        0.04           0              0              0
 0.059596           0        0.04           0              0              0
0.0606061           0        0.04           0              0              0
0.0616162           0        0.04           0              0              0
0.0626263           0        0.04           0              0              0
0.0636364           0        0.04           0              0              0
0.0646465           0        0.04           0              0              0
0.0656566           0        0.04           0              0              0
0.0666667           0        0.04           0              0              0
0.0676768           0        0.04           0              0              0
0.0686869           0        0.04           0              0              0
 0.069697           0        0.04           0              0              0
0.0707071           0        0.04           0              0              0
0.0717172           0        0.04           0              0              0
0.0727273           0        0.04           0              0              0
0.0737374           0        0.04           0              0              0
0.0747475           0        0.04           0              0              0
0.0757576           0        0.04           0              0              0
0.0767677           0        0.04           0              0              0
0.0777778           0        0.04           0              0              0
0.0787879           0        0.04           0              0              0
 0.079798           0        0.04           0              0              0
0.0808081           0        0.04           0              0              0
0.0818182           0        0.04           0              0              0
0.0828283           0        0.04           0              0              0
0.0838384           0        0.04           0              0              0
0.0848485           0        0.04           0              0              0
0.0858586           0        0.04           0              0              0
0.0868687           0        0.04           0              0              0
0.0878788           0        0.04           0              0              0
0.0888889           0        0.04           0              0              0
 0.089899           0        0.04           0              0              0
0.0909091           0        0.04           0              0              0
0.0919192           0        0.04           0              0              0
0.0929293           0        0.04           0              0              0
0.0939394           0        0.04           0              0              0
0.0949495           0        0.04           0              0              0
0.0959596           0        0.04           0              0              0
0.0969697           0        0.04           0              0              0
0.0979798           0        0.04           0              0              0
0.0989899           0        0.04           0              0              0
      0.1           0        0.04           0              0              0
