     malha  -  c_susp  -  sigma_a  -  sigma_s - diff_sigma_a - concentracao
        0           0       0.025       0.015             -0              0
0.0010101           0       0.025   0.0268917             -0              0
0.0020202           0       0.025   0.0272996             -0              0
0.0030303           0       0.025    0.027515             -0              0
0.0040404           0       0.025   0.0276586             -0              0
0.00505051           0       0.025   0.0277654             -0              0
0.00606061           0       0.025   0.0278498             -0              0
0.00707071           0       0.025   0.0279193  -9.88131e-324              0
0.00808081           0       0.025   0.0279782  -1.21278e-317              0
0.00909091           0       0.025   0.0280293  -1.21739e-311              0
 0.010101           0       0.025   0.0280743  -1.22201e-305              0
0.0111111           0       0.025   0.0281145  -1.22665e-299              0
0.0121212           0       0.025   0.0281508  -1.23131e-293              0
0.0131313           0       0.025   0.0281839  -1.23598e-287              0
0.0141414           0       0.025   0.0282143  -1.24067e-281              0
0.0151515           0       0.025   0.0282424  -1.24538e-275              0
0.0161616           0       0.025   0.0282684  -1.25011e-269              0
0.0171717           0       0.025   0.0282928  -1.25486e-263              0
0.0181818           0       0.025   0.0283157  -1.25962e-257              0
0.0191919           0       0.025   0.0283372   -1.2644e-251              0
 0.020202           0       0.025   0.0283575  -1.26921e-245              0
0.0212121           0       0.025   0.0283768  -1.27402e-239              0
0.0222222           0       0.025   0.0283952  -1.27886e-233              0
0.0232323           0       0.025   0.0284126  -1.28372e-227              0
0.0242424           0       0.025   0.0284293  -1.28859e-221              0
0.0252525           0       0.025   0.0284453  -1.29348e-215              0
0.0262626           0       0.025   0.0284606  -1.29839e-209              0
0.0272727           0       0.025   0.0284754  -1.30332e-203              0
0.0282828           0       0.025   0.0284895  -1.30827e-197              0
0.0292929           0       0.025   0.0285032  -1.31324e-191              0
 0.030303           0       0.025   0.0285164  -1.31822e-185              0
0.0313131           0       0.025   0.0285291  -1.32323e-179              0
0.0323232           0       0.025   0.0285415  -1.32825e-173              0
0.0333333           0       0.025   0.0285534   -1.3333e-167              0
0.0343434           0       0.025    0.028565  -1.33836e-161              0
0.0353535           0       0.025   0.0285763  -1.34344e-155              0
0.0363636           0       0.025   0.0285872  -1.34854e-149              0
0.0373737           0       0.025   0.0285979  -1.35366e-143              0
0.0383838           0       0.025   0.0286082   -1.3588e-137              0
0.0393939           0       0.025   0.0286183  -1.36396e-131              0
 0.040404           0       0.025   0.0286282  -1.36914e-125              0
0.0414141           0       0.025   0.0286378  -1.37434e-119              0
0.0424242           0       0.025   0.0286472  -1.37955e-113              0
0.0434343           0       0.025   0.0286563  -1.38479e-107              0
0.0444444           0       0.025   0.0286653  -1.39005e-101              0
0.0454545           0       0.025   0.0286741  -1.39533e-095              0
0.0464646           0       0.025   0.0286826  -1.40062e-089              0
0.0474747           0       0.025    0.028691  -1.40594e-083              0
0.0484848           0       0.025   0.0286993  -1.41128e-077              0
0.0494949           0       0.025   0.0287074  -1.41664e-071              0
0.0505051           0       0.025   0.0287153  -1.42202e-065              0
0.0515152           0       0.025    0.028723  -1.42742e-059              0
0.0525253           0       0.025   0.0287307  -1.43284e-053              0
0.0535354           0       0.025   0.0287382  -1.43828e-047              0
0.0545455           0       0.025   0.0287455  -1.44374e-041              0
0.0555556           0       0.025   0.0287528  -1.44922e-035              0
0.0565657           0       0.025   0.0287599  -1.45472e-029              0
0.0575758           0       0.025   0.0287668  -1.46024e-023              0
0.0585859           0       0.025   0.0287722  -1.46579e-017              0
 0.059596           0       0.025    0.028756  -1.47135e-011              0
0.0606061           0   0.0250015     0.02763  -1.47694e-005              0
0.0616162           0        0.04           0              0              0
0.0626263           0        0.04           0              0              0
0.0636364           0        0.04           0              0              0
0.0646465           0        0.04           0              0              0
0.0656566           0        0.04           0              0              0
0.0666667           0        0.04           0              0              0
0.0676768           0        0.04           0              0              0
0.0686869           0        0.04           0              0              0
 0.069697           0        0.04           0              0              0
0.0707071           0        0.04           0              0              0
0.0717172           0        0.04           0              0              0
0.0727273           0        0.04           0              0              0
0.0737374           0        0.04           0              0              0
0.0747475           0        0.04           0              0              0
0.0757576           0        0.04           0              0              0
0.0767677           0        0.04           0              0              0
0.0777778           0        0.04           0              0              0
0.0787879           0        0.04           0              0              0
 0.079798           0        0.04           0              0              0
0.0808081           0        0.04           0              0              0
0.0818182           0        0.04           0              0              0
0.0828283           0        0.04           0              0              0
0.0838384           0        0.04           0              0              0
0.0848485           0        0.04           0              0              0
0.0858586           0        0.04           0              0              0
0.0868687           0        0.04           0              0              0
0.0878788           0        0.04           0              0              0
0.0888889           0        0.04           0              0              0
 0.089899           0        0.04           0              0              0
0.0909091           0        0.04           0              0              0
0.0919192           0        0.04           0              0              0
0.0929293           0        0.04           0              0              0
0.0939394           0        0.04           0              0              0
0.0949495           0        0.04           0              0              0
0.0959596           0        0.04           0              0              0
0.0969697           0        0.04           0              0              0
0.0979798           0        0.04           0              0              0
0.0989899           0        0.04           0              0              0
      0.1           0        0.04           0              0              0
