     malha  -  c_susp  -  sigma_a  -  sigma_s - diff_sigma_a - concentracao
        0           0       0.025       0.015             -0              0
0.0010101           0       0.025   0.0268917             -0              0
0.0020202           0       0.025   0.0272996             -0              0
0.0030303           0       0.025    0.027515             -0              0
0.0040404           0       0.025   0.0276586             -0              0
0.00505051           0       0.025   0.0277654             -0              0
0.00606061           0       0.025   0.0278498             -0              0
0.00707071           0       0.025   0.0279193             -0              0
0.00808081           0       0.025   0.0279782             -0              0
0.00909091           0       0.025   0.0280293             -0              0
 0.010101           0       0.025   0.0280743             -0              0
0.0111111           0       0.025   0.0281145             -0              0
0.0121212           0       0.025   0.0281508             -0              0
0.0131313           0       0.025   0.0281839             -0              0
0.0141414           0       0.025   0.0282143             -0              0
0.0151515           0       0.025   0.0282424             -0              0
0.0161616           0       0.025   0.0282684             -0              0
0.0171717           0       0.025   0.0282928             -0              0
0.0181818           0       0.025   0.0283157             -0              0
0.0191919           0       0.025   0.0283372  -8.20149e-322              0
 0.020202           0       0.025   0.0283575  -8.21343e-316              0
0.0212121           0       0.025   0.0283768  -8.24462e-310              0
0.0222222           0       0.025   0.0283952  -8.27592e-304              0
0.0232323           0       0.025   0.0284126  -8.30734e-298              0
0.0242424           0       0.025   0.0284293  -8.33888e-292              0
0.0252525           0       0.025   0.0284453  -8.37054e-286              0
0.0262626           0       0.025   0.0284606  -8.40232e-280              0
0.0272727           0       0.025   0.0284754  -8.43422e-274              0
0.0282828           0       0.025   0.0284895  -8.46624e-268              0
0.0292929           0       0.025   0.0285032  -8.49839e-262              0
 0.030303           0       0.025   0.0285164  -8.53065e-256              0
0.0313131           0       0.025   0.0285291  -8.56304e-250              0
0.0323232           0       0.025   0.0285415  -8.59555e-244              0
0.0333333           0       0.025   0.0285534  -8.62819e-238              0
0.0343434           0       0.025    0.028565  -8.66095e-232              0
0.0353535           0       0.025   0.0285763  -8.69383e-226              0
0.0363636           0       0.025   0.0285872  -8.72684e-220              0
0.0373737           0       0.025   0.0285979  -8.75997e-214              0
0.0383838           0       0.025   0.0286082  -8.79323e-208              0
0.0393939           0       0.025   0.0286183  -8.82662e-202              0
 0.040404           0       0.025   0.0286282  -8.86013e-196              0
0.0414141           0       0.025   0.0286378  -8.89377e-190              0
0.0424242           0       0.025   0.0286472  -8.92753e-184              0
0.0434343           0       0.025   0.0286563  -8.96143e-178              0
0.0444444           0       0.025   0.0286653  -8.99545e-172              0
0.0454545           0       0.025   0.0286741  -9.02961e-166              0
0.0464646           0       0.025   0.0286826  -9.06389e-160              0
0.0474747           0       0.025    0.028691   -9.0983e-154              0
0.0484848           0       0.025   0.0286993  -9.13285e-148              0
0.0494949           0       0.025   0.0287074  -9.16752e-142              0
0.0505051           0       0.025   0.0287153  -9.20233e-136              0
0.0515152           0       0.025    0.028723  -9.23727e-130              0
0.0525253           0       0.025   0.0287307  -9.27234e-124              0
0.0535354           0       0.025   0.0287382  -9.30754e-118              0
0.0545455           0       0.025   0.0287455  -9.34288e-112              0
0.0555556           0       0.025   0.0287528  -9.37835e-106              0
0.0565657           0       0.025   0.0287599  -9.41396e-100              0
0.0575758           0       0.025   0.0287669   -9.4497e-094              0
0.0585859           0       0.025   0.0287737  -9.48558e-088              0
 0.059596           0       0.025   0.0287805  -9.52159e-082              0
0.0606061           0       0.025   0.0287872  -9.55774e-076              0
0.0616162           0       0.025   0.0287937  -9.59403e-070              0
0.0626263           0       0.025   0.0288002  -9.63046e-064              0
0.0636364           0       0.025   0.0288066  -9.66702e-058              0
0.0646465           0       0.025   0.0288129  -9.70372e-052              0
0.0656566           0       0.025   0.0288191  -9.74057e-046              0
0.0666667           0       0.025   0.0288252  -9.77755e-040              0
0.0676768           0       0.025   0.0288312  -9.81467e-034              0
0.0686869           0       0.025   0.0288371  -9.85193e-028              0
 0.069697           0       0.025   0.0288427  -9.88934e-022              0
0.0707071           0       0.025   0.0288446  -9.92689e-016              0
0.0717172           0       0.025   0.0287873  -9.96458e-010              0
0.0727273           0      0.0251   0.0244933    -0.00100024              0
0.0737374           0        0.04           0              0              0
0.0747475           0        0.04           0              0              0
0.0757576           0        0.04           0              0              0
0.0767677           0        0.04           0              0              0
0.0777778           0        0.04           0              0              0
0.0787879           0        0.04           0              0              0
 0.079798           0        0.04           0              0              0
0.0808081           0        0.04           0              0              0
0.0818182           0        0.04           0              0              0
0.0828283           0        0.04           0              0              0
0.0838384           0        0.04           0              0              0
0.0848485           0        0.04           0              0              0
0.0858586           0        0.04           0              0              0
0.0868687           0        0.04           0              0              0
0.0878788           0        0.04           0              0              0
0.0888889           0        0.04           0              0              0
 0.089899           0        0.04           0              0              0
0.0909091           0        0.04           0              0              0
0.0919192           0        0.04           0              0              0
0.0929293           0        0.04           0              0              0
0.0939394           0        0.04           0              0              0
0.0949495           0        0.04           0              0              0
0.0959596           0        0.04           0              0              0
0.0969697           0        0.04           0              0              0
0.0979798           0        0.04           0              0              0
0.0989899           0        0.04           0              0              0
      0.1           0        0.04           0              0              0
