     malha  -  c_susp  -  sigma_a  -  sigma_s - diff_sigma_a - concentracao
        0           0       0.025       0.015             -0              0
0.0010101           0       0.025   0.0268917             -0              0
0.0020202           0       0.025   0.0272996             -0              0
0.0030303           0       0.025    0.027515             -0              0
0.0040404           0       0.025   0.0276586             -0              0
0.00505051           0       0.025   0.0277654             -0              0
0.00606061           0       0.025   0.0278498             -0              0
0.00707071           0       0.025   0.0279193             -0              0
0.00808081           0       0.025   0.0279782             -0              0
0.00909091           0       0.025   0.0280293  -2.05037e-320              0
 0.010101           0       0.025   0.0280743  -2.05801e-314              0
0.0111111           0       0.025   0.0281145  -2.06583e-308              0
0.0121212           0       0.025   0.0281508  -2.07367e-302              0
0.0131313           0       0.025   0.0281839  -2.08154e-296              0
0.0141414           0       0.025   0.0282143  -2.08945e-290              0
0.0151515           0       0.025   0.0282424  -2.09738e-284              0
0.0161616           0       0.025   0.0282684  -2.10534e-278              0
0.0171717           0       0.025   0.0282928  -2.11334e-272              0
0.0181818           0       0.025   0.0283157  -2.12136e-266              0
0.0191919           0       0.025   0.0283372  -2.12941e-260              0
 0.020202           0       0.025   0.0283575   -2.1375e-254              0
0.0212121           0       0.025   0.0283768  -2.14561e-248              0
0.0222222           0       0.025   0.0283952  -2.15376e-242              0
0.0232323           0       0.025   0.0284126  -2.16194e-236              0
0.0242424           0       0.025   0.0284293  -2.17015e-230              0
0.0252525           0       0.025   0.0284453  -2.17839e-224              0
0.0262626           0       0.025   0.0284606  -2.18666e-218              0
0.0272727           0       0.025   0.0284754  -2.19496e-212              0
0.0282828           0       0.025   0.0284895  -2.20329e-206              0
0.0292929           0       0.025   0.0285032  -2.21166e-200              0
 0.030303           0       0.025   0.0285164  -2.22005e-194              0
0.0313131           0       0.025   0.0285291  -2.22848e-188              0
0.0323232           0       0.025   0.0285415  -2.23694e-182              0
0.0333333           0       0.025   0.0285534  -2.24544e-176              0
0.0343434           0       0.025    0.028565  -2.25396e-170              0
0.0353535           0       0.025   0.0285763  -2.26252e-164              0
0.0363636           0       0.025   0.0285872  -2.27111e-158              0
0.0373737           0       0.025   0.0285979  -2.27973e-152              0
0.0383838           0       0.025   0.0286082  -2.28839e-146              0
0.0393939           0       0.025   0.0286183  -2.29708e-140              0
 0.040404           0       0.025   0.0286282   -2.3058e-134              0
0.0414141           0       0.025   0.0286378  -2.31455e-128              0
0.0424242           0       0.025   0.0286472  -2.32334e-122              0
0.0434343           0       0.025   0.0286563  -2.33216e-116              0
0.0444444           0       0.025   0.0286653  -2.34102e-110              0
0.0454545           0       0.025   0.0286741   -2.3499e-104              0
0.0464646           0       0.025   0.0286826  -2.35883e-098              0
0.0474747           0       0.025    0.028691  -2.36778e-092              0
0.0484848           0       0.025   0.0286993  -2.37677e-086              0
0.0494949           0       0.025   0.0287074   -2.3858e-080              0
0.0505051           0       0.025   0.0287153  -2.39485e-074              0
0.0515152           0       0.025    0.028723  -2.40395e-068              0
0.0525253           0       0.025   0.0287307  -2.41307e-062              0
0.0535354           0       0.025   0.0287382  -2.42223e-056              0
0.0545455           0       0.025   0.0287455  -2.43143e-050              0
0.0555556           0       0.025   0.0287528  -2.44066e-044              0
0.0565657           0       0.025   0.0287599  -2.44993e-038              0
0.0575758           0       0.025   0.0287669  -2.45923e-032              0
0.0585859           0       0.025   0.0287737  -2.46857e-026              0
 0.059596           0       0.025   0.0287801  -2.47794e-020              0
0.0606061           0       0.025   0.0287802  -2.48735e-014              0
0.0616162           0       0.025   0.0286822  -2.49679e-008              0
0.0626263           0   0.0275063   0.0195123     -0.0250627              0
0.0636364           0        0.04           0              0              0
0.0646465           0        0.04           0              0              0
0.0656566           0        0.04           0              0              0
0.0666667           0        0.04           0              0              0
0.0676768           0        0.04           0              0              0
0.0686869           0        0.04           0              0              0
 0.069697           0        0.04           0              0              0
0.0707071           0        0.04           0              0              0
0.0717172           0        0.04           0              0              0
0.0727273           0        0.04           0              0              0
0.0737374           0        0.04           0              0              0
0.0747475           0        0.04           0              0              0
0.0757576           0        0.04           0              0              0
0.0767677           0        0.04           0              0              0
0.0777778           0        0.04           0              0              0
0.0787879           0        0.04           0              0              0
 0.079798           0        0.04           0              0              0
0.0808081           0        0.04           0              0              0
0.0818182           0        0.04           0              0              0
0.0828283           0        0.04           0              0              0
0.0838384           0        0.04           0              0              0
0.0848485           0        0.04           0              0              0
0.0858586           0        0.04           0              0              0
0.0868687           0        0.04           0              0              0
0.0878788           0        0.04           0              0              0
0.0888889           0        0.04           0              0              0
 0.089899           0        0.04           0              0              0
0.0909091           0        0.04           0              0              0
0.0919192           0        0.04           0              0              0
0.0929293           0        0.04           0              0              0
0.0939394           0        0.04           0              0              0
0.0949495           0        0.04           0              0              0
0.0959596           0        0.04           0              0              0
0.0969697           0        0.04           0              0              0
0.0979798           0        0.04           0              0              0
0.0989899           0        0.04           0              0              0
      0.1           0        0.04           0              0              0
