     malha  -  c_susp  -  sigma_a  -  sigma_s - diff_sigma_a - concentracao
        0           0       0.025       0.015  -5.88178e-199              0
0.0010101           0       0.025   0.0268917  -5.90411e-193              0
0.0020202           0       0.025   0.0272996  -5.92652e-187              0
0.0030303           0       0.025    0.027515  -5.94903e-181              0
0.0040404           0       0.025   0.0276586  -5.97161e-175              0
0.00505051           0       0.025   0.0277654  -5.99429e-169              0
0.00606061           0       0.025   0.0278498  -6.01704e-163              0
0.00707071           0       0.025   0.0279193  -6.03989e-157              0
0.00808081           0       0.025   0.0279782  -6.06282e-151              0
0.00909091           0       0.025   0.0280293  -6.08584e-145              0
 0.010101           0       0.025   0.0280743  -6.10895e-139              0
0.0111111           0       0.025   0.0281145  -6.13214e-133              0
0.0121212           0       0.025   0.0281508  -6.15542e-127              0
0.0131313           0       0.025   0.0281839  -6.17879e-121              0
0.0141414           0       0.025   0.0282143  -6.20225e-115              0
0.0151515           0       0.025   0.0282424   -6.2258e-109              0
0.0161616           0       0.025   0.0282684  -6.24944e-103              0
0.0171717           0       0.025   0.0282928  -6.27316e-097              0
0.0181818           0       0.025   0.0283157  -6.29698e-091              0
0.0191919           0       0.025   0.0283372  -6.32089e-085              0
 0.020202           0       0.025   0.0283575  -6.34489e-079              0
0.0212121           0       0.025   0.0283768  -6.36898e-073              0
0.0222222           0       0.025   0.0283952  -6.39316e-067              0
0.0232323           0       0.025   0.0284126  -6.41743e-061              0
0.0242424           0       0.025   0.0284293   -6.4418e-055              0
0.0252525           0       0.025   0.0284453  -6.46625e-049              0
0.0262626           0       0.025   0.0284606   -6.4908e-043              0
0.0272727           0       0.025   0.0284754  -6.51545e-037              0
0.0282828           0       0.025   0.0284895  -6.54019e-031              0
0.0292929           0       0.025   0.0285032  -6.56502e-025              0
 0.030303           0       0.025    0.028516  -6.58994e-019              0
0.0313131           0       0.025   0.0285219  -6.61496e-013              0
0.0323232           0   0.0250001   0.0284237  -6.64008e-007              0
0.0333333           0        0.04           0              0              0
0.0343434           0        0.04           0              0              0
0.0353535           0        0.04           0              0              0
0.0363636           0        0.04           0              0              0
0.0373737           0        0.04           0              0              0
0.0383838           0        0.04           0              0              0
0.0393939           0        0.04           0              0              0
 0.040404           0        0.04           0              0              0
0.0414141           0        0.04           0              0              0
0.0424242           0        0.04           0              0              0
0.0434343           0        0.04           0              0              0
0.0444444           0        0.04           0              0              0
0.0454545           0        0.04           0              0              0
0.0464646           0        0.04           0              0              0
0.0474747           0        0.04           0              0              0
0.0484848           0        0.04           0              0              0
0.0494949           0        0.04           0              0              0
0.0505051           0        0.04           0              0              0
0.0515152           0        0.04           0              0              0
0.0525253           0        0.04           0              0              0
0.0535354           0        0.04           0              0              0
0.0545455           0        0.04           0              0              0
0.0555556           0        0.04           0              0              0
0.0565657           0        0.04           0              0              0
0.0575758           0        0.04           0              0              0
0.0585859           0        0.04           0              0              0
 0.059596           0        0.04           0              0              0
0.0606061           0        0.04           0              0              0
0.0616162           0        0.04           0              0              0
0.0626263           0        0.04           0              0              0
0.0636364           0        0.04           0              0              0
0.0646465           0        0.04           0              0              0
0.0656566           0        0.04           0              0              0
0.0666667           0        0.04           0              0              0
0.0676768           0        0.04           0              0              0
0.0686869           0        0.04           0              0              0
 0.069697           0        0.04           0              0              0
0.0707071           0        0.04           0              0              0
0.0717172           0        0.04           0              0              0
0.0727273           0        0.04           0              0              0
0.0737374           0        0.04           0              0              0
0.0747475           0        0.04           0              0              0
0.0757576           0        0.04           0              0              0
0.0767677           0        0.04           0              0              0
0.0777778           0        0.04           0              0              0
0.0787879           0        0.04           0              0              0
 0.079798           0        0.04           0              0              0
0.0808081           0        0.04           0              0              0
0.0818182           0        0.04           0              0              0
0.0828283           0        0.04           0              0              0
0.0838384           0        0.04           0              0              0
0.0848485           0        0.04           0              0              0
0.0858586           0        0.04           0              0              0
0.0868687           0        0.04           0              0              0
0.0878788           0        0.04           0              0              0
0.0888889           0        0.04           0              0              0
 0.089899           0        0.04           0              0              0
0.0909091           0        0.04           0              0              0
0.0919192           0        0.04           0              0              0
0.0929293           0        0.04           0              0              0
0.0939394           0        0.04           0              0              0
0.0949495           0        0.04           0              0              0
0.0959596           0        0.04           0              0              0
0.0969697           0        0.04           0              0              0
0.0979798           0        0.04           0              0              0
0.0989899           0        0.04           0              0              0
      0.1           0        0.04           0              0              0
