     malha  -  c_susp  -  sigma_a  -  sigma_s - diff_sigma_a - concentracao
        0           0       0.025       0.015             -0              0
0.0010101           0       0.025   0.0268917             -0              0
0.0020202           0       0.025   0.0272996             -0              0
0.0030303           0       0.025    0.027515             -0              0
0.0040404           0       0.025   0.0276586             -0              0
0.00505051           0       0.025   0.0277654             -0              0
0.00606061           0       0.025   0.0278498             -0              0
0.00707071           0       0.025   0.0279193             -0              0
0.00808081           0       0.025   0.0279782             -0              0
0.00909091           0       0.025   0.0280293             -0              0
 0.010101           0       0.025   0.0280743             -0              0
0.0111111           0       0.025   0.0281145             -0              0
0.0121212           0       0.025   0.0281508             -0              0
0.0131313           0       0.025   0.0281839  -9.88131e-323              0
0.0141414           0       0.025   0.0282143  -9.98053e-317              0
0.0151515           0       0.025   0.0282424  -1.00184e-310              0
0.0161616           0       0.025   0.0282684  -1.00565e-304              0
0.0171717           0       0.025   0.0282928  -1.00946e-298              0
0.0181818           0       0.025   0.0283157   -1.0133e-292              0
0.0191919           0       0.025   0.0283372  -1.01714e-286              0
 0.020202           0       0.025   0.0283575  -1.02101e-280              0
0.0212121           0       0.025   0.0283768  -1.02488e-274              0
0.0222222           0       0.025   0.0283952  -1.02877e-268              0
0.0232323           0       0.025   0.0284126  -1.03268e-262              0
0.0242424           0       0.025   0.0284293   -1.0366e-256              0
0.0252525           0       0.025   0.0284453  -1.04054e-250              0
0.0262626           0       0.025   0.0284606  -1.04449e-244              0
0.0272727           0       0.025   0.0284754  -1.04845e-238              0
0.0282828           0       0.025   0.0284895  -1.05243e-232              0
0.0292929           0       0.025   0.0285032  -1.05643e-226              0
 0.030303           0       0.025   0.0285164  -1.06044e-220              0
0.0313131           0       0.025   0.0285291  -1.06447e-214              0
0.0323232           0       0.025   0.0285415  -1.06851e-208              0
0.0333333           0       0.025   0.0285534  -1.07256e-202              0
0.0343434           0       0.025    0.028565  -1.07664e-196              0
0.0353535           0       0.025   0.0285763  -1.08072e-190              0
0.0363636           0       0.025   0.0285872  -1.08483e-184              0
0.0373737           0       0.025   0.0285979  -1.08895e-178              0
0.0383838           0       0.025   0.0286082  -1.09308e-172              0
0.0393939           0       0.025   0.0286183  -1.09723e-166              0
 0.040404           0       0.025   0.0286282   -1.1014e-160              0
0.0414141           0       0.025   0.0286378  -1.10558e-154              0
0.0424242           0       0.025   0.0286472  -1.10978e-148              0
0.0434343           0       0.025   0.0286563  -1.11399e-142              0
0.0444444           0       0.025   0.0286653  -1.11822e-136              0
0.0454545           0       0.025   0.0286741  -1.12246e-130              0
0.0464646           0       0.025   0.0286826  -1.12673e-124              0
0.0474747           0       0.025    0.028691    -1.131e-118              0
0.0484848           0       0.025   0.0286993   -1.1353e-112              0
0.0494949           0       0.025   0.0287074  -1.13961e-106              0
0.0505051           0       0.025   0.0287153  -1.14393e-100              0
0.0515152           0       0.025    0.028723  -1.14828e-094              0
0.0525253           0       0.025   0.0287307  -1.15264e-088              0
0.0535354           0       0.025   0.0287382  -1.15701e-082              0
0.0545455           0       0.025   0.0287455  -1.16141e-076              0
0.0555556           0       0.025   0.0287528  -1.16582e-070              0
0.0565657           0       0.025   0.0287599  -1.17024e-064              0
0.0575758           0       0.025   0.0287669  -1.17469e-058              0
0.0585859           0       0.025   0.0287737  -1.17915e-052              0
 0.059596           0       0.025   0.0287805  -1.18362e-046              0
0.0606061           0       0.025   0.0287872  -1.18812e-040              0
0.0616162           0       0.025   0.0287937  -1.19263e-034              0
0.0626263           0       0.025   0.0288002  -1.19716e-028              0
0.0636364           0       0.025   0.0288064   -1.2017e-022              0
0.0646465           0       0.025   0.0288103  -1.20626e-016              0
0.0656566           0       0.025   0.0287783  -1.21084e-010              0
0.0666667           0   0.0250122   0.0263874   -0.000121544              0
0.0676768           0        0.04           0              0              0
0.0686869           0        0.04           0              0              0
 0.069697           0        0.04           0              0              0
0.0707071           0        0.04           0              0              0
0.0717172           0        0.04           0              0              0
0.0727273           0        0.04           0              0              0
0.0737374           0        0.04           0              0              0
0.0747475           0        0.04           0              0              0
0.0757576           0        0.04           0              0              0
0.0767677           0        0.04           0              0              0
0.0777778           0        0.04           0              0              0
0.0787879           0        0.04           0              0              0
 0.079798           0        0.04           0              0              0
0.0808081           0        0.04           0              0              0
0.0818182           0        0.04           0              0              0
0.0828283           0        0.04           0              0              0
0.0838384           0        0.04           0              0              0
0.0848485           0        0.04           0              0              0
0.0858586           0        0.04           0              0              0
0.0868687           0        0.04           0              0              0
0.0878788           0        0.04           0              0              0
0.0888889           0        0.04           0              0              0
 0.089899           0        0.04           0              0              0
0.0909091           0        0.04           0              0              0
0.0919192           0        0.04           0              0              0
0.0929293           0        0.04           0              0              0
0.0939394           0        0.04           0              0              0
0.0949495           0        0.04           0              0              0
0.0959596           0        0.04           0              0              0
0.0969697           0        0.04           0              0              0
0.0979798           0        0.04           0              0              0
0.0989899           0        0.04           0              0              0
      0.1           0        0.04           0              0              0
