     malha  -  c_susp  -  sigma_a  -  sigma_s - diff_sigma_a - concentracao
        0           0       0.025       0.015             -0              0
0.0010101           0       0.025   0.0268917             -0              0
0.0020202           0       0.025   0.0272996             -0              0
0.0030303           0       0.025    0.027515             -0              0
0.0040404           0       0.025   0.0276586  -4.94066e-324              0
0.00505051           0       0.025   0.0277654  -4.22763e-318              0
0.00606061           0       0.025   0.0278498  -4.24368e-312              0
0.00707071           0       0.025   0.0279193  -4.25979e-306              0
0.00808081           0       0.025   0.0279782  -4.27597e-300              0
0.00909091           0       0.025   0.0280293   -4.2922e-294              0
 0.010101           0       0.025   0.0280743   -4.3085e-288              0
0.0111111           0       0.025   0.0281145  -4.32486e-282              0
0.0121212           0       0.025   0.0281508  -4.34128e-276              0
0.0131313           0       0.025   0.0281839  -4.35776e-270              0
0.0141414           0       0.025   0.0282143   -4.3743e-264              0
0.0151515           0       0.025   0.0282424  -4.39091e-258              0
0.0161616           0       0.025   0.0282684  -4.40758e-252              0
0.0171717           0       0.025   0.0282928  -4.42432e-246              0
0.0181818           0       0.025   0.0283157  -4.44112e-240              0
0.0191919           0       0.025   0.0283372  -4.45798e-234              0
 0.020202           0       0.025   0.0283575   -4.4749e-228              0
0.0212121           0       0.025   0.0283768  -4.49189e-222              0
0.0222222           0       0.025   0.0283952  -4.50895e-216              0
0.0232323           0       0.025   0.0284126  -4.52607e-210              0
0.0242424           0       0.025   0.0284293  -4.54325e-204              0
0.0252525           0       0.025   0.0284453   -4.5605e-198              0
0.0262626           0       0.025   0.0284606  -4.57782e-192              0
0.0272727           0       0.025   0.0284754   -4.5952e-186              0
0.0282828           0       0.025   0.0284895  -4.61264e-180              0
0.0292929           0       0.025   0.0285032  -4.63016e-174              0
 0.030303           0       0.025   0.0285164  -4.64773e-168              0
0.0313131           0       0.025   0.0285291  -4.66538e-162              0
0.0323232           0       0.025   0.0285415  -4.68309e-156              0
0.0333333           0       0.025   0.0285534  -4.70087e-150              0
0.0343434           0       0.025    0.028565  -4.71872e-144              0
0.0353535           0       0.025   0.0285763  -4.73664e-138              0
0.0363636           0       0.025   0.0285872  -4.75462e-132              0
0.0373737           0       0.025   0.0285979  -4.77267e-126              0
0.0383838           0       0.025   0.0286082  -4.79079e-120              0
0.0393939           0       0.025   0.0286183  -4.80898e-114              0
 0.040404           0       0.025   0.0286282  -4.82724e-108              0
0.0414141           0       0.025   0.0286378  -4.84557e-102              0
0.0424242           0       0.025   0.0286472  -4.86397e-096              0
0.0434343           0       0.025   0.0286563  -4.88243e-090              0
0.0444444           0       0.025   0.0286653  -4.90097e-084              0
0.0454545           0       0.025   0.0286741  -4.91958e-078              0
0.0464646           0       0.025   0.0286826  -4.93826e-072              0
0.0474747           0       0.025    0.028691  -4.95701e-066              0
0.0484848           0       0.025   0.0286993  -4.97583e-060              0
0.0494949           0       0.025   0.0287074  -4.99472e-054              0
0.0505051           0       0.025   0.0287153  -5.01368e-048              0
0.0515152           0       0.025    0.028723  -5.03272e-042              0
0.0525253           0       0.025   0.0287307  -5.05182e-036              0
0.0535354           0       0.025   0.0287382    -5.071e-030              0
0.0545455           0       0.025   0.0287454  -5.09026e-024              0
0.0555556           0       0.025   0.0287516  -5.10958e-018              0
0.0565657           0       0.025    0.028741  -5.12898e-012              0
0.0575758           0   0.0250005   0.0280804  -5.14846e-006              0
0.0585859           0        0.04           0              0              0
 0.059596           0        0.04           0              0              0
0.0606061           0        0.04           0              0              0
0.0616162           0        0.04           0              0              0
0.0626263           0        0.04           0              0              0
0.0636364           0        0.04           0              0              0
0.0646465           0        0.04           0              0              0
0.0656566           0        0.04           0              0              0
0.0666667           0        0.04           0              0              0
0.0676768           0        0.04           0              0              0
0.0686869           0        0.04           0              0              0
 0.069697           0        0.04           0              0              0
0.0707071           0        0.04           0              0              0
0.0717172           0        0.04           0              0              0
0.0727273           0        0.04           0              0              0
0.0737374           0        0.04           0              0              0
0.0747475           0        0.04           0              0              0
0.0757576           0        0.04           0              0              0
0.0767677           0        0.04           0              0              0
0.0777778           0        0.04           0              0              0
0.0787879           0        0.04           0              0              0
 0.079798           0        0.04           0              0              0
0.0808081           0        0.04           0              0              0
0.0818182           0        0.04           0              0              0
0.0828283           0        0.04           0              0              0
0.0838384           0        0.04           0              0              0
0.0848485           0        0.04           0              0              0
0.0858586           0        0.04           0              0              0
0.0868687           0        0.04           0              0              0
0.0878788           0        0.04           0              0              0
0.0888889           0        0.04           0              0              0
 0.089899           0        0.04           0              0              0
0.0909091           0        0.04           0              0              0
0.0919192           0        0.04           0              0              0
0.0929293           0        0.04           0              0              0
0.0939394           0        0.04           0              0              0
0.0949495           0        0.04           0              0              0
0.0959596           0        0.04           0              0              0
0.0969697           0        0.04           0              0              0
0.0979798           0        0.04           0              0              0
0.0989899           0        0.04           0              0              0
      0.1           0        0.04           0              0              0
